object={
	name="lakes"
	clamp_to_water_level=no
	render_under_water=no
	generated_content=no
	layer="lake_layer"
	pdxmesh="lake_mesh"
	count=204
	transform="1865.099854 2.062378 3579.298340 0.000000 -0.141371 0.000000 0.989957 25.716228 25.716228 25.716228
2027.276733 1.462280 3666.929932 0.000000 0.181889 0.000000 0.983319 30.029146 30.029146 30.029146
2824.143311 0.613891 4154.842285 0.000000 0.000000 0.000000 1.000000 8.815869 8.815869 8.815869
2744.604492 0.652954 4161.458496 0.000000 0.580932 0.000000 0.813952 19.246355 19.246355 19.246355
2747.979004 0.938110 4132.197754 0.000000 0.407578 0.000000 0.913171 24.815107 24.815107 24.815107
2512.056885 0.826538 3607.627686 0.000000 -0.177341 0.000000 0.984150 33.728848 33.728848 33.728848
2179.211670 1.456421 3305.181885 0.000000 0.217724 0.000000 0.976010 12.116850 12.116850 12.116850
2704.715332 3.027954 3187.304932 0.000000 0.607972 0.000000 0.793959 13.299590 13.299590 13.299590
2686.477295 2.115845 3199.369385 0.000000 0.689680 0.000000 0.724114 13.230052 13.230052 13.230052
3420.104736 2.450073 3045.385742 0.000000 0.364795 0.000000 0.931088 33.852337 33.852337 33.852337
3275.211670 2.756714 2996.338379 0.000000 0.709951 0.000000 0.704251 19.967098 19.967098 19.967098
3310.751953 3.411743 2977.516113 0.000000 0.479372 0.000000 0.877612 18.849056 18.849056 18.849056
2107.044434 0.614624 3522.887207 0.000000 0.770003 0.000000 0.638041 18.584517 18.584517 18.584517
2311.683594 0.132690 4001.039062 0.000000 0.667719 0.000000 0.744414 5.542456 5.542456 5.542456
2231.482666 -0.098023 4090.155273 0.000000 0.000000 0.000000 1.000000 5.739478 5.739478 5.739478
2223.492188 1.159302 4107.092773 0.000000 0.616465 0.000000 0.787382 11.950488 11.950488 11.950488
2174.697754 1.988891 4838.838867 0.000000 0.688088 0.000000 0.725628 29.420162 29.420162 29.420162
2164.032471 1.440552 4884.593750 0.000000 0.000000 0.000000 1.000000 14.071822 14.071822 14.071822
2116.605225 0.488891 4936.982910 0.000000 0.000000 0.000000 1.000000 22.235067 22.235067 22.235067
2407.736816 0.246704 4476.980957 0.000000 0.000000 0.000000 1.000000 15.321826 15.321826 15.321826
2361.772949 0.460083 4858.724609 0.000000 0.000000 0.000000 1.000000 29.109011 29.109011 29.109011
2370.408447 0.783325 4901.269531 0.000000 0.306567 0.000000 0.951849 18.478765 18.478765 18.478765
2324.739502 -0.175171 4921.876465 0.000000 0.604574 0.000000 0.796549 63.485004 63.485004 63.485004
2316.320068 0.810669 5003.053223 0.000000 0.259743 0.000000 0.965678 33.809071 33.809071 33.809071
2248.105225 0.760864 4971.508789 0.000000 0.327233 0.000000 0.944944 30.079529 30.079529 30.079529
2403.100098 0.674438 5020.739258 0.000000 0.558461 0.000000 0.829531 29.779881 29.779881 29.779881
2385.638916 0.380493 5001.191895 0.000000 0.409360 0.000000 0.912373 28.038782 28.038782 28.038782
2344.886963 -0.715210 5040.275391 0.000000 0.000000 0.000000 1.000000 52.261814 52.261814 52.261814
2278.212646 -0.833374 5081.793457 0.000000 0.221773 0.000000 0.975098 52.815685 52.815685 52.815685
2300.574707 1.863403 5168.790527 0.000000 -0.381951 0.000000 0.924182 31.743128 31.743128 31.743128
2360.539062 -1.710816 5111.416504 0.000000 0.325271 0.000000 0.945621 34.511902 34.511902 34.511902
2457.864258 1.295532 5122.835449 0.000000 0.221059 0.000000 0.975260 32.785950 32.785950 32.785950
2428.430664 0.740356 5075.914551 0.000000 0.265809 0.000000 0.964026 44.409973 44.409973 44.409973
2523.245850 1.373169 5196.204590 0.000000 0.513908 0.000000 0.857845 56.259609 56.259609 56.259609
2576.793701 0.849731 5273.226074 0.000000 0.258800 0.000000 0.965931 62.600853 62.600853 62.600853
2575.717041 -0.306030 5328.789551 0.000000 0.247522 0.000000 0.968882 70.339722 70.339722 70.339722
2460.109131 -1.171753 5334.325684 0.000000 0.000000 0.000000 1.000000 31.909939 31.909939 31.909939
2507.353271 1.156372 5354.234375 0.000000 0.162966 0.000000 0.986632 57.330715 57.330715 57.330715
2637.040527 0.024048 5417.833496 0.000000 0.245452 0.000000 0.969409 80.230553 80.230553 80.230553
2616.839111 -0.455933 5441.676758 0.000000 0.127036 0.000000 0.991898 33.728535 33.728535 33.728535
2889.676514 1.269653 5556.230957 0.000000 0.000000 0.000000 1.000000 14.114502 14.114502 14.114502
3058.060059 -1.609741 5390.009766 0.000000 0.114858 0.000000 0.993382 69.747192 69.747192 69.747192
3982.619385 3.106323 3037.761719 0.000000 -0.208840 0.000000 0.977950 58.532623 58.532623 58.532623
4193.185547 0.726440 3189.076904 0.000000 0.000000 0.000000 1.000000 37.542984 37.542984 37.542984
4114.369141 3.716430 3150.227295 0.000000 0.481620 0.000000 0.876380 32.546665 32.546665 32.546665
4115.234863 1.607788 2969.437744 0.000000 0.563766 0.000000 0.825935 47.735088 47.735088 47.735088
4450.187012 1.515747 2796.401367 0.000000 -0.274213 0.000000 0.961669 28.415146 28.415146 28.415146
4540.998535 3.340454 2613.795654 0.000000 0.397969 0.000000 0.917399 39.320568 39.320568 39.320568
4547.131836 2.815307 2436.764893 0.000000 0.514431 0.000000 0.857532 13.066608 13.066608 13.066608
4595.130859 -1.814331 2440.364746 0.000000 0.314631 0.000000 0.949214 44.320930 44.320930 44.320930
4773.422852 2.834839 2477.656006 0.000000 0.000000 0.000000 1.000000 16.230957 16.230957 16.230957
4848.712891 1.148071 2514.353516 0.000000 0.000000 0.000000 1.000000 30.829477 30.829477 30.829477
4896.392578 1.083618 2450.879395 0.000000 0.000000 0.000000 1.000000 28.459480 28.459480 28.459480
4902.776855 1.231567 2385.925781 0.000000 -0.960504 0.000000 -0.278265 25.483728 25.483728 25.483728
4884.612305 1.531128 2317.513428 0.000000 0.000000 0.000000 1.000000 36.660641 36.660641 36.660641
5545.995605 1.518432 3148.928955 0.000000 -0.009949 0.000000 0.999951 28.971130 28.971130 28.971130
6709.823730 1.897339 3162.875000 0.000000 0.599212 0.000000 0.800590 36.138241 36.138241 36.138241
5887.057617 1.479370 2599.696289 0.000000 0.000000 0.000000 1.000000 36.249866 36.249866 36.249866
5918.201660 -1.702271 2561.364258 0.000000 0.232354 0.000000 0.972631 22.343920 22.343920 22.343920
5705.381836 -4.987427 2755.411865 0.000000 0.681147 0.000000 0.732146 29.752474 29.752474 29.752474
5752.002930 0.949585 2676.351318 0.000000 0.000000 0.000000 1.000000 25.746078 25.746078 25.746078
6043.968750 -4.348023 2712.540039 0.000000 0.228672 0.000000 0.973504 24.650063 24.650063 24.650063
6193.756836 1.578247 2512.355957 0.000000 0.000000 0.000000 1.000000 33.077885 33.077885 33.077885
7117.854004 4.401977 2792.981201 0.000000 0.000000 0.000000 1.000000 35.848476 35.848476 35.848476
7287.382324 3.721069 2915.364014 0.000000 0.000000 0.000000 1.000000 62.675552 62.675552 62.675552
5958.539062 2.619018 3293.868896 0.000000 -0.116374 0.000000 0.993205 81.934944 81.934944 81.934944
7724.506836 2.050903 4079.364502 0.000000 -0.473577 0.000000 0.880753 291.361450 291.361450 291.361450
7302.791504 3.098022 3923.622314 0.000000 0.818679 0.000000 0.574252 52.470875 52.470875 52.470875
7095.180664 4.316284 3171.444580 0.000000 0.000000 0.000000 1.000000 47.196121 47.196121 47.196121
7340.706543 -1.464234 3270.727539 0.000000 0.301799 0.000000 0.953371 50.206352 50.206352 50.206352
7483.025879 2.977661 3070.317139 0.000000 0.000000 0.000000 1.000000 42.057457 42.057457 42.057457
7783.205566 1.270141 3189.893066 0.000000 0.915618 0.000000 0.402048 19.927397 19.927397 19.927397
8285.241211 1.475220 3766.691406 0.000000 -0.397185 0.000000 0.917739 51.825203 51.825203 51.825203
9359.404297 0.858032 2809.234863 0.000000 0.880668 0.000000 0.473734 30.101326 30.101326 30.101326
5881.661621 0.897583 3593.020996 0.000000 0.000000 0.000000 1.000000 365.326447 365.326447 365.326447
6331.929199 1.440063 3702.081055 0.000000 0.226770 0.000000 0.973948 54.817661 54.817661 54.817661
6446.842285 3.873657 3750.370605 0.000000 0.000000 0.000000 1.000000 26.493692 26.493692 26.493692
6286.765137 1.019409 3466.483643 0.000000 0.141914 0.000000 0.989879 24.886053 24.886053 24.886053
5979.548340 1.733520 3392.822754 0.000000 0.000000 0.000000 1.000000 41.502617 41.502617 41.502617
5704.166016 3.930786 3251.527100 0.000000 0.000000 0.000000 1.000000 27.843401 27.843401 27.843401
5383.215820 -0.906616 3198.968994 0.000000 0.179563 0.000000 0.983747 66.450554 66.450554 66.450554
6744.458008 3.220337 2997.296875 0.000000 0.228137 0.000000 0.973629 15.133985 15.133985 15.133985
6660.613281 6.303345 2963.374268 0.000000 0.000000 0.000000 1.000000 25.288542 25.288542 25.288542
6603.541992 5.973755 2930.781982 0.000000 0.000000 0.000000 1.000000 30.422443 30.422443 30.422443
6663.235840 5.961792 2880.743652 0.000000 0.331267 0.000000 0.943537 18.944029 18.944029 18.944029
6993.445312 2.582397 2924.441406 0.000000 0.359903 0.000000 0.932990 17.884165 17.884165 17.884165
6522.234375 2.801880 3263.905762 0.000000 0.000000 0.000000 1.000000 30.252205 30.252205 30.252205
6105.822754 6.297485 2808.503174 0.000000 0.000000 0.000000 1.000000 15.879004 15.879004 15.879004
6177.901855 7.306030 2796.330566 0.000000 0.000000 0.000000 1.000000 19.269825 19.269825 19.269825
6248.857910 5.859497 2742.699707 0.000000 0.468462 0.000000 0.883484 20.773132 20.773132 20.773132
6207.525391 7.507202 2731.573486 0.000000 0.103634 0.000000 0.994615 24.500183 24.500183 24.500183
6315.979980 0.908813 2555.228516 0.000000 0.000000 0.000000 1.000000 72.347328 72.347328 72.347328
6322.209961 -1.559448 2531.030273 0.000000 0.986850 0.000000 0.161637 18.215691 18.215691 18.215691
6290.729980 6.550415 2571.372314 0.000000 0.229622 0.000000 0.973280 22.089788 22.089788 22.089788
6856.967773 4.565796 2845.808350 0.000000 0.254671 0.000000 0.967028 22.751417 22.751417 22.751417
6815.880859 5.014038 2808.843506 0.000000 0.000000 0.000000 1.000000 17.096167 17.096167 17.096167
6802.982910 6.874634 2831.210205 0.000000 0.074638 0.000000 0.997211 17.931128 17.931128 17.931128
6759.747559 4.882446 2833.137695 0.000000 0.000000 0.000000 1.000000 20.167812 20.167812 20.167812
6704.657227 5.565063 2843.125244 0.000000 0.000000 0.000000 1.000000 23.145601 23.145601 23.145601
6713.113281 6.494751 2807.979492 0.000000 0.000000 0.000000 1.000000 30.697575 30.697575 30.697575
6716.153320 6.984497 2783.293457 0.000000 0.000000 0.000000 1.000000 28.668528 28.668528 28.668528
6648.291016 3.154175 2816.270020 0.000000 0.467761 0.000000 0.883855 17.577934 17.577934 17.577934
6639.079102 4.473999 2760.934326 0.000000 0.000000 0.000000 1.000000 23.960716 23.960716 23.960716
6532.262207 1.367065 2767.473633 0.000000 0.000000 0.000000 1.000000 16.882593 16.882593 16.882593
6324.309082 0.831421 2523.085693 0.000000 0.796441 0.000000 0.604716 13.716675 13.716675 13.716675
6436.418457 5.843872 2533.961914 0.000000 0.301159 0.000000 0.953574 37.037724 37.037724 37.037724
6350.660156 5.920532 2498.935791 0.000000 0.664350 0.000000 0.747422 12.498965 12.498965 12.498965
6395.569336 7.991089 2481.536377 0.000000 0.501762 0.000000 0.865006 16.051683 16.051683 16.051683
6762.957520 2.861694 2722.773682 0.000000 0.739013 0.000000 0.673691 13.697510 13.697510 13.697510
6696.971680 -0.510132 2694.572510 0.000000 0.000000 0.000000 1.000000 47.828686 47.828686 47.828686
6477.639648 3.693481 2511.608643 0.000000 0.382966 0.000000 0.923762 10.703662 10.703662 10.703662
6486.356445 8.444702 2485.958740 0.000000 0.785273 0.000000 0.619149 14.384660 14.384660 14.384660
6496.717773 4.455688 2538.794678 0.000000 0.855202 0.000000 0.518295 25.494110 25.494110 25.494110
6527.104980 5.861206 2537.144531 0.000000 -0.215639 0.000000 0.976473 24.337795 24.337795 24.337795
6445.101562 3.989624 2462.588379 0.000000 0.671391 0.000000 0.741103 15.486963 15.486963 15.486963
6550.307617 6.119751 2592.503174 0.000000 0.000000 0.000000 1.000000 17.559423 17.559423 17.559423
6579.484863 -4.005982 2585.893555 0.000000 -0.228493 0.000000 0.973545 24.632040 24.632040 24.632040
6631.561523 -2.305542 2577.439941 0.000000 0.000000 0.000000 1.000000 41.724617 41.724617 41.724617
6597.773926 6.048218 2544.668701 0.000000 0.356598 0.000000 0.934258 25.156183 25.156183 25.156183
6728.852539 6.895141 2517.162354 0.000000 -0.196228 0.000000 0.980558 39.621914 39.621914 39.621914
6727.145020 4.105347 2553.061768 0.000000 0.750297 0.000000 0.661101 18.801950 18.801950 18.801950
6691.999512 7.789429 2626.103271 0.000000 -0.100963 0.000000 0.994890 17.746574 17.746574 17.746574
6742.854980 3.617798 2606.656006 0.000000 0.000000 0.000000 1.000000 26.170481 26.170481 26.170481
6778.824707 6.210327 2602.040771 0.000000 0.699777 0.000000 0.714361 13.374123 13.374123 13.374123
6717.124023 -3.148560 2376.070801 0.000000 0.137200 0.000000 0.990543 21.049049 21.049049 21.049049
6732.484863 4.290649 2400.334473 0.000000 0.136474 0.000000 0.990644 19.076134 19.076134 19.076134
8295.816406 1.477173 3677.296387 0.000000 -0.370472 0.000000 0.928844 24.750700 24.750700 24.750700
8289.553711 0.254028 3643.747314 0.000000 0.000000 0.000000 1.000000 7.252531 7.252531 7.252531
8269.995117 0.445923 3652.914062 0.000000 -0.114494 0.000000 0.993424 7.137675 7.137675 7.137675
8284.044922 2.761597 3508.608887 0.000000 -0.430960 0.000000 0.902371 20.113728 20.113728 20.113728
8234.125977 3.669556 3353.468750 0.000000 -0.353859 0.000000 0.935299 24.707047 24.707047 24.707047
8675.379883 0.921020 3495.952881 0.000000 0.472985 0.000000 0.881070 19.233585 19.233585 19.233585
8681.855469 0.579468 3559.616699 0.000000 0.000000 0.000000 1.000000 12.701392 12.701392 12.701392
8657.224609 0.760864 3526.998291 0.000000 0.000000 0.000000 1.000000 14.538870 14.538870 14.538870
7201.998047 -3.986817 833.225220 0.000000 0.406574 0.000000 0.913618 26.755760 26.755760 26.755760
3900.022949 -0.131226 1353.570312 0.000000 0.476638 0.000000 0.879100 6.727930 6.727930 6.727930
3904.928223 1.649658 1332.790039 0.000000 0.600824 0.000000 0.799381 13.437073 13.437073 13.437073
3601.403076 -2.909485 895.816650 0.000000 0.784555 0.000000 0.620060 98.592720 98.592720 98.592720
3680.400391 0.630005 1043.803223 0.000000 0.896234 0.000000 0.443581 58.915405 58.915405 58.915405
3390.530762 -0.505799 774.584290 0.000000 0.000000 0.000000 1.000000 40.950066 40.950066 40.950066
3394.769043 2.667847 621.206238 0.000000 -0.869389 0.000000 -0.494129 177.363480 177.363480 177.363480
2308.390625 1.319580 1462.277588 0.000000 0.470025 0.000000 0.882653 107.824257 107.824257 107.824257
3277.769775 2.567077 779.868164 0.000000 -0.306102 0.000000 0.951999 54.797558 54.797558 54.797558
3201.086914 2.544556 662.135986 0.000000 -0.388147 0.000000 0.921597 26.846786 26.846786 26.846786
3218.899170 1.933716 610.267151 0.000000 0.552676 0.000000 0.833396 12.157007 12.157007 12.157007
3171.085205 0.277954 564.571411 0.000000 0.787159 0.000000 0.616750 33.863346 33.863346 33.863346
3200.568848 1.329468 327.884186 0.000000 0.508294 0.000000 0.861183 249.269562 249.269562 249.269562
3149.101318 2.212097 155.418930 0.000000 -0.487440 0.000000 0.873157 42.878284 42.878284 42.878284
3210.635010 1.966888 179.550262 0.000000 -0.382910 0.000000 0.923786 17.486780 17.486780 17.486780
3480.284668 1.785431 51.097534 0.000000 0.724321 0.000000 -0.689462 131.273773 131.273773 131.273773
3731.294434 -0.601563 1119.302490 0.000000 -0.505611 0.000000 0.862761 12.948340 12.948340 12.948340
3748.336670 1.720093 1170.594727 0.000000 -0.390340 0.000000 0.920671 14.986742 14.986742 14.986742
3647.764160 3.147705 1381.333008 0.000000 0.764641 0.000000 0.644457 37.347836 37.347836 37.347836
6956.683105 1.828979 3143.889160 0.000000 0.000000 0.000000 1.000000 13.597681 13.597681 13.597681
6945.450684 1.447876 3161.846680 0.000000 0.000000 0.000000 1.000000 16.867504 16.867504 16.867504
6845.103027 1.114136 3700.936035 0.000000 0.129518 0.000000 0.991577 74.994141 74.994141 74.994141
6885.020996 2.815552 3780.525879 0.000000 0.268044 0.000000 0.963407 41.354877 41.354877 41.354877
6856.015625 1.992309 3867.652100 0.000000 0.000000 0.000000 1.000000 69.575478 69.575478 69.575478
6752.786133 3.551391 3853.943359 0.000000 0.031916 0.000000 0.999491 17.367628 17.367628 17.367628
6724.936035 3.118042 3804.457031 0.000000 0.000000 0.000000 1.000000 26.467236 26.467236 26.467236
5485.599609 1.328003 3881.582520 0.000000 -0.296966 0.000000 0.954888 87.533684 87.533684 87.533684
5438.264160 0.522095 4074.542969 0.000000 0.000000 0.000000 1.000000 21.720558 21.720558 21.720558
5283.617188 1.467163 4043.393555 0.000000 0.000000 0.000000 1.000000 17.085489 17.085489 17.085489
5222.240723 0.484009 4163.508789 0.000000 0.718749 0.000000 0.695269 14.763051 14.763051 14.763051
5849.487305 0.967651 3835.501221 0.000000 0.000000 0.000000 1.000000 30.448444 30.448444 30.448444
6858.989258 3.867554 3382.884521 0.000000 0.000000 0.000000 1.000000 20.891075 20.891075 20.891075
4984.920898 -0.510132 4268.153320 0.000000 -0.536654 0.000000 0.843802 14.258399 14.258399 14.258399
3016.551758 1.388855 182.969986 0.000000 -0.328703 0.000000 0.944433 23.839737 23.839737 23.839737
6316.847168 7.183960 2551.578369 0.000000 0.000000 0.000000 1.000000 14.788667 14.788667 14.788667
6738.569824 -2.369263 2410.330322 0.000000 0.024839 0.000000 0.999691 17.378372 17.378372 17.378372
7938.113770 2.456665 4041.736816 0.000000 -0.363602 0.000000 0.931554 18.825226 18.825226 18.825226
7960.640625 0.607300 4065.181885 0.000000 -0.396400 0.000000 0.918078 11.847950 11.847950 11.847950
8009.363770 2.655395 4009.884033 0.000000 0.950380 0.000000 0.311091 31.192902 31.192902 31.192902
8187.212402 0.343139 3804.718262 0.000000 0.000000 0.000000 1.000000 38.677910 38.677910 38.677910
8216.933594 0.304565 3878.225586 0.000000 0.000000 0.000000 1.000000 7.177466 7.177466 7.177466
3651.775146 1.948700 471.857269 0.000000 0.623815 0.000000 0.781572 18.360310 18.360310 18.360310
3573.692627 1.719665 545.572632 0.000000 0.661723 0.000000 0.749749 33.645031 33.645031 33.645031
3560.754395 2.318817 475.832886 0.000000 0.674957 0.000000 0.737858 19.814768 19.814768 19.814768
3518.329102 3.823700 473.408264 0.000000 0.986029 0.000000 0.166574 31.194481 31.194481 31.194481
3211.293701 2.607429 33.599831 0.000000 -0.805436 0.000000 -0.592683 35.106949 35.106949 35.106949
3053.583496 1.782257 52.575737 0.000000 -0.283123 0.000000 0.959084 21.455765 21.455765 21.455765
7217.373535 1.957641 3786.179688 0.000000 0.211048 0.000000 0.977476 20.344507 20.344507 20.344507
7116.973145 2.365600 3756.266113 0.000000 0.000000 0.000000 1.000000 18.935871 18.935871 18.935871
1986.694702 0.732056 3541.881348 0.000000 -0.473724 0.000000 0.880673 26.394499 26.394499 26.394499
3480.041504 1.093994 1356.864258 0.000000 0.315616 0.000000 0.948887 29.233130 29.233130 29.233130
7514.941895 0.601440 1687.680420 0.000000 -0.921291 0.000000 0.388874 7.057643 7.057643 7.057643
7432.277344 4.370483 2108.503906 0.000000 -0.235202 0.000000 0.971946 6.774976 6.774976 6.774976
7286.561035 3.573120 2208.809570 0.000000 -0.847777 0.000000 0.530353 12.661890 12.661890 12.661890
7429.566895 7.709351 2149.819092 0.000000 -0.700997 0.000000 0.713164 12.189238 12.189238 12.189238
7437.275879 -0.944703 2128.422852 0.000000 -0.584652 0.000000 0.811284 14.198440 14.198440 14.198440
7311.725586 5.223511 2255.352295 0.000000 -0.712054 0.000000 0.702125 5.400408 5.400408 5.400408
7100.792480 -0.581665 1853.618896 0.000000 -0.751466 0.000000 0.659772 17.693163 17.693163 17.693163
8464.105469 2.212707 570.937805 0.000000 -0.857314 0.000000 0.514794 11.584181 11.584181 11.584181
8679.248047 2.092407 1138.946533 0.000000 -0.310689 0.000000 0.950512 9.961429 9.961429 9.961429
7500.670898 0.637085 401.283020 0.000000 -0.259213 0.000000 0.965820 7.997015 7.997015 7.997015
7321.709473 4.803833 2324.580566 0.000000 -0.799017 0.000000 0.601308 6.668245 6.668245 6.668245
7418.543945 0.289429 2077.500488 0.000000 0.048687 0.000000 0.998814 6.695700 6.695700 6.695700
7095.358398 2.036621 1885.740723 0.000000 -0.707583 0.000000 0.706630 9.022265 9.022265 9.022265
9765.888672 3.469757 435.987732 0.000000 -0.544306 0.000000 0.838887 10.903702 10.903702 10.903702
9464.920898 3.606018 574.833496 0.000000 0.000000 0.000000 1.000000 9.257505 9.257505 9.257505
9997.789062 3.341034 373.621948 0.000000 0.451336 0.000000 0.892354 5.503066 5.503066 5.503066
9372.678711 9.711700 455.869507 0.000000 0.904726 0.000000 0.425993 10.110320 10.110320 10.110320
8466.390625 3.134735 570.354370 0.000000 -0.751908 0.000000 0.659267 13.158237 13.158237 13.158237
8518.896484 2.931885 522.886353 0.000000 -0.534232 0.000000 0.845338 16.552591 16.552591 16.552591
"}
